414822
485028
210773
213814
356418
39666
213814
450130
485028
471207
356418
348927
117542
485028
105690
417656
210773
213814
471207
117542
9329
450130
137760
485028
210773
480830
105690
122911
450130
308509
248566
189155
169564
250104
108214
117542
182727
481479
364875
117542
182727
460245
361208
182727
287011
117542
145502
449862
117542
250104
364875
117542
465915
250104
449862
460245
117542
361208
364875
126197
95141
145502
420564
460245
117542
481479
364875
190046
117542
46398
108214
420564
420564
145502
481479
364875
117542
95141
481479
364875
126197
108214
481479
126197
361208
420564
226839
189155
33609
105690
24345
117542
268553
356418
117542
210773
213814
348927
356418
176633
471207
264340
117542
176633
213814
210773
117542
485028
105690
417656
210773
213814
105690
263190
213814
117542
348927
122911
210773
344444
210773
176633
450130
39666
412243
356418
122911
122911
442188
356418
117542
39666
450130
348927
480830
210773
412243
442188
248566
117542
9329
450130
137760
485028
117542
210773
213814
117542
94971
213814
210773
344444
210773
117542
122911
356418
117542
412243
210773
348927
105690
356418
213814
39666
308509
189155
414822
485028
210773
450130
39666
219814
210773
195009
450130
213814
117542
94971
213814
210773
117542
20659
210773
213814
210773
348927
471207
264340
117542
176633
213814
210773
117542
20659
485028
450130
117542
9329
450130
137760
485028
210773
480830
105690
122911
450130
450130
117542
450130
39666
20659
210773
412243
350640
187623
471207
356418
213814
39666
308509
117542
250104
46398
190046
264340
117542
105690
117542
20659
485028
450130
117542
195009
356418
9329
450130
137760
485028
210773
480830
105690
122911
450130
450130
117542
182727
460245
46398
189155
316818
420564
364875
92688
449862
117542
145502
449862
117542
465915
46398
145502
95141
95141
145502
481479
364875
449862
54490
